LINIA
-370, -265, 500, 272, 572, 200

LINIA
0, 500, 100, 100, 0, 150

BRYLA
550, 550, 200, 550, 150, 200
550, 150, 200, 150, 150, 200
150, 150, 200, 150, 550, 200
150, 550, 200, 550, 550, 200
550, 550, 300, 550, 150, 300
550, 150, 300, 150, 150, 300
150, 150, 300, 150, 550, 300
150, 550, 300, 550, 550, 300
550, 550, 200, 550, 550, 300
150, 150, 200, 150, 150, 300
150, 550, 200, 150, 550, 300
550, 150, 200, 550, 150, 300

BRYLA
-450, 450, 100, -450, 150, 100
-450, 150, 100, -150, 150, 100
-150, 150, 100, -150, 450, 100
-150, 450, 100, -450, 450, 100
-450, 450, 200, -450, 150, 200
-450, 150, 200, -150, 150, 200
-150, 150, 200, -150, 450, 200
-150, 450, 200, -450, 450, 200
-450, 450, 100, -450, 450, 200
-150, 150, 100, -150, 150, 200
-150, 450, 100, -150, 450, 200
-450, 150, 100, -450, 150, 200

BRYLA
-600, -550, 150, -600, 0, 150
-600, 0, 150, -100, 0, 150
-100, 0, 150, -100, -550, 150
-100, -550, 150, -600, -550, 150
-600, -550, 350, -600, 150, 350
-600, 150, 350, -100, 150, 350
-100, 150, 350, -100, -550, 350
-100, -550, 350, -600, -550, 350
-600, -550, 150, -600, -550, 350
-100, 0, 150, -100, 150, 350
-100, -550, 150, -100, -550, 350
-600, 0, 150, -600, 150, 350

BRYLA
450, -250, 120, 450, -150, 120
450, -150, 120, 150, -150, 120
150, -150, 120, 150, -250, 170
150, -250, 170, 450, -250, 120
450, -250, 340, 450, 10, 340
450, 10, 340, 150, -150, 340
150, -150, 340, 150, -250, 340
150, -250, 340, 450, -250, 340
450, -250, 120, 450, -250, 340
150, -150, 120, 150, -150, 340
150, -250, 170, 150, -250, 340
450, -150, 120, 450, 10, 340